4
1 2 3 4 
0 
0 0 
0 0 0 
0 0 0 0 
0 0 0
2 0 0
4 0 0
6 0 0
10 10
0 0 0 0 0 0 0 0 0 0 
0 0 0 0 0 0 0 0 0 0 
0 0 0 0 0 0 0 0 0 0 
0 0 0 0 0 0 0 0 0 0 
0 0 0 0 0 0 0 0 0 0 
0 0 0 0 0 0 0 0 0 0 
0 0 0 0 0 0 0 0 0 0 
0 0 0 0 0 0 0 0 0 0 
0 0 0 0 0 0 0 0 0 0 
0 0 0 0 0 0 0 1 0 0
2
DoubleDamage
RandomShot
4
1 2 3 4 
0 
0 0 
0 0 0 
0 0 0 0 
8 3 0
4 6 1
7 7 1
2 8 1
10 10
0 0 0 0 0 0 0 0 0 0 
0 0 0 0 0 0 0 0 0 0 
0 0 1 0 0 0 0 0 0 0
0 0 0 0 0 0 0 0 0 0 
0 0 0 0 0 0 0 0 0 0
0 0 0 0 0 0 0 0 0 0 
0 0 0 0 0 0 0 0 0 0 
0 0 0 0 0 0 0 0 0 0 
0 0 0 0 0 0 0 0 0 0 
0 0 0 0 0 0 0 0 0 0 
1